0 0.498708 0.702335 0.031008 0.050584
0 0.493540 0.165370 0.020672 0.035019
0 0.250646 0.433852 0.015504 0.019455
0 0.307494 0.385214 0.010336 0.023346
0 0.251938 0.908560 0.012920 0.019455
0 0.277778 0.620623 0.012920 0.019455
0 0.144703 0.350195 0.015504 0.023346
0 0.060724 0.070039 0.012920 0.023346
0 0.024548 0.105058 0.018088 0.023346
0 0.390181 0.428016 0.010336 0.023346
0 0.361757 0.357977 0.015504 0.015564
0 0.220930 0.169261 0.012920 0.019455
0 0.254522 0.229572 0.018088 0.031128
0 0.208010 0.443580 0.012920 0.023346
0 0.507752 0.536965 0.012920 0.023346
0 0.574935 0.663424 0.012920 0.027237
0 0.512920 0.803502 0.018088 0.027237
0 0.332041 0.731518 0.018088 0.023346
0 0.748062 0.863813 0.012920 0.023346
