0 0.441895 0.155784 0.020508 0.050373
0 0.466797 0.057836 0.017578 0.029851
0 0.150879 0.088619 0.020508 0.046642
0 0.326172 0.301306 0.019531 0.046642
0 0.310547 0.402052 0.025391 0.054104
0 0.530762 0.258396 0.018555 0.039179
0 0.594727 0.202425 0.019531 0.039179
0 0.560547 0.245336 0.017578 0.031716
0 0.576660 0.314366 0.018555 0.031716
0 0.523926 0.448694 0.016602 0.031716
0 0.624023 0.557836 0.019531 0.033582
0 0.344727 0.636194 0.023438 0.048507
0 0.492188 0.623134 0.017578 0.029851
0 0.445312 0.699627 0.013672 0.029851
0 0.630859 0.625000 0.021484 0.063433
0 0.817871 0.646455 0.016602 0.024254
0 0.684082 0.767724 0.014648 0.031716
0 0.604492 0.483209 0.017578 0.029851
0 0.684570 0.520522 0.011719 0.022388
0 0.641113 0.382463 0.020508 0.037313
0 0.422363 0.111940 0.010742 0.022388
0 0.377930 0.586754 0.021484 0.046642
0 0.395508 0.890858 0.023438 0.035448
