0 0.298256 0.238043 0.008140 0.015217
0 0.466860 0.345652 0.010465 0.021739
0 0.475581 0.377174 0.011628 0.019565
0 0.502326 0.375000 0.009302 0.015217
0 0.651163 0.156522 0.006977 0.013043
0 0.738953 0.310870 0.010465 0.021739
0 0.688372 0.395652 0.009302 0.017391
0 0.701744 0.383696 0.010465 0.019565
0 0.736628 0.372826 0.012791 0.019565
0 0.220349 0.476087 0.012791 0.017391
0 0.248837 0.476087 0.011628 0.017391
0 0.298837 0.635870 0.009302 0.015217
0 0.319767 0.595652 0.013953 0.021739
0 0.439535 0.654348 0.009302 0.017391
0 0.605233 0.607609 0.012791 0.023913
0 0.699419 0.659783 0.017442 0.023913
0 0.622674 0.711957 0.010465 0.023913
0 0.143023 0.540217 0.009302 0.019565
0 0.266860 0.528261 0.010465 0.026087
0 0.269767 0.791304 0.011628 0.021739
0 0.171512 0.848913 0.010465 0.019565
0 0.319767 0.901087 0.013953 0.019565
0 0.523256 0.910870 0.020930 0.034783
0 0.572093 0.905435 0.011628 0.019565
0 0.633140 0.784783 0.012791 0.017391
0 0.762209 0.915217 0.012791 0.021739
0 0.595349 0.520652 0.011628 0.019565
0 0.828488 0.538043 0.012791 0.015217
0 0.409884 0.940217 0.012791 0.019565
0 0.709302 0.789130 0.009302 0.017391
0 0.581395 0.679348 0.011628 0.019565
