0 0.721026 0.369377 0.054636 0.064014
0 0.355132 0.698962 0.054636 0.048443
0 0.551325 0.659170 0.029801 0.038062
0 0.910596 0.785467 0.043046 0.044983
0 0.232616 0.974913 0.038079 0.025952
0 0.371689 0.626298 0.018212 0.024221
0 0.303808 0.560554 0.028146 0.034602
0 0.956954 0.734429 0.029801 0.032872
0 0.570364 0.519896 0.028146 0.025952
0 0.842715 0.356401 0.019868 0.024221
0 0.677152 0.358131 0.023179 0.024221
0 0.732616 0.558824 0.031457 0.027682
0 0.293046 0.932526 0.026490 0.017301
0 0.758278 0.633218 0.026490 0.024221
