0 0.833984 0.221354 0.013281 0.013542
0 0.610938 0.373437 0.009375 0.011458
0 0.647266 0.374479 0.010156 0.011458
0 0.739062 0.411979 0.006250 0.007292
0 0.790625 0.476562 0.010937 0.009375
0 0.497656 0.465104 0.017188 0.011458
0 0.953125 0.371875 0.014063 0.014583
0 0.725781 0.344271 0.009375 0.011458
0 0.406250 0.391667 0.004687 0.008333
0 0.281641 0.391146 0.008594 0.009375
0 0.278906 0.484375 0.007812 0.014583
0 0.294531 0.545312 0.007812 0.015625
0 0.346094 0.578646 0.007812 0.007292
0 0.339844 0.656250 0.009375 0.016667
0 0.480469 0.678125 0.010937 0.016667
0 0.352344 0.739583 0.007812 0.012500
0 0.698047 0.551562 0.036719 0.053125
0 0.720313 0.584375 0.007812 0.010417
0 0.573828 0.446354 0.007031 0.009375
0 0.583203 0.709375 0.010156 0.018750
0 0.572656 0.719792 0.006250 0.008333
0 0.753125 0.648958 0.010937 0.018750
0 0.735547 0.668229 0.010156 0.013542
0 0.685937 0.751563 0.006250 0.013542
0 0.663672 0.788021 0.007031 0.007292
0 0.734766 0.630208 0.008594 0.008333
0 0.557422 0.522917 0.007031 0.008333
0 0.793750 0.433854 0.007812 0.009375
0 0.928906 0.554688 0.009375 0.009375
0 0.878125 0.586979 0.006250 0.009375
0 0.948828 0.620313 0.010156 0.009375
0 0.573828 0.980208 0.005469 0.006250
0 0.322656 0.895312 0.007812 0.011458
0 0.340234 0.953646 0.005469 0.011458
0 0.303125 0.757292 0.004687 0.004167
0 0.272656 0.753125 0.006250 0.008333
0 0.810937 0.075521 0.006250 0.007292
