0 0.446247 0.102985 0.020284 0.026866
0 0.300203 0.307463 0.032454 0.041791
0 0.150101 0.313433 0.024341 0.035821
0 0.131846 0.362687 0.016227 0.026866
0 0.084178 0.364179 0.018256 0.029851
0 0.180527 0.825373 0.036511 0.062687
0 0.246450 0.613433 0.018256 0.032836
0 0.281947 0.740299 0.012170 0.017910
0 0.663286 0.802985 0.024341 0.035821
0 0.606491 0.189552 0.016227 0.020896
0 0.755578 0.265672 0.018256 0.023881
0 0.117647 0.547761 0.012170 0.020896
0 0.063895 0.298507 0.018256 0.023881
0 0.891481 0.397015 0.022312 0.029851
0 0.937120 0.207463 0.024341 0.032836
0 0.978702 0.286567 0.022312 0.041791
0 0.845842 0.894030 0.016227 0.038806
0 0.915822 0.953731 0.026369 0.044776
