0 0.753356 0.854651 0.036913 0.046512
0 0.458054 0.718023 0.023490 0.052326
0 0.731544 0.255814 0.020134 0.034884
0 0.479866 0.953488 0.026846 0.046512
0 0.441275 0.834302 0.023490 0.052326
0 0.072148 0.880814 0.023490 0.052326
0 0.538591 0.066860 0.016779 0.040698
0 0.902685 0.133721 0.020134 0.034884
0 0.986577 0.468023 0.020134 0.040698
0 0.239933 0.072674 0.023490 0.029070
0 0.154362 0.895349 0.020134 0.034884
0 0.505034 0.517442 0.016779 0.034884
0 0.634228 0.305233 0.020134 0.029070
0 0.323826 0.401163 0.023490 0.034884
0 0.260067 0.854651 0.016779 0.034884
0 0.090604 0.343023 0.020134 0.034884
0 0.724832 0.046512 0.020134 0.034884
0 0.109060 0.607558 0.023490 0.040698
