0 0.312364 0.630000 0.056399 0.060000
0 0.147505 0.574000 0.043384 0.036000
0 0.041215 0.805000 0.030369 0.026000
0 0.515184 0.636000 0.032538 0.032000
0 0.561822 0.592000 0.021692 0.020000
0 0.737527 0.554000 0.017354 0.020000
0 0.792842 0.648000 0.019523 0.020000
0 0.135575 0.304000 0.023861 0.024000
0 0.075922 0.069000 0.034707 0.026000
0 0.020607 0.064000 0.032538 0.032000
0 0.121475 0.111000 0.030369 0.026000
0 0.136659 0.196000 0.021692 0.020000
0 0.336226 0.262000 0.034707 0.016000
0 0.467462 0.284000 0.019523 0.028000
0 0.772234 0.508000 0.021692 0.020000
0 0.264642 0.513000 0.021692 0.022000
0 0.546638 0.898000 0.026030 0.024000
0 0.715835 0.980000 0.026030 0.028000
0 0.290672 0.894000 0.039046 0.040000
0 0.862256 0.084000 0.032538 0.040000
0 0.160521 0.058000 0.030369 0.036000
0 0.715835 0.249000 0.030369 0.030000
0 0.202820 0.615000 0.023861 0.022000
0 0.241866 0.792000 0.028200 0.024000
