0 0.601786 0.226293 0.032143 0.030172
0 0.808929 0.269397 0.017857 0.030172
0 0.314286 0.396552 0.021429 0.034483
0 0.360714 0.431034 0.028571 0.034483
0 0.201786 0.512931 0.025000 0.034483
0 0.278571 0.525862 0.021429 0.034483
0 0.444643 0.575431 0.025000 0.038793
0 0.151786 0.609914 0.017857 0.030172
0 0.251786 0.254310 0.025000 0.034483
0 0.448214 0.043103 0.025000 0.025862
0 0.867857 0.471983 0.028571 0.030172
0 0.242857 0.698276 0.021429 0.025862
0 0.373214 0.821121 0.025000 0.038793
0 0.344643 0.859914 0.025000 0.030172
0 0.385714 0.883621 0.050000 0.068966
0 0.514286 0.924569 0.042857 0.064655
0 0.619643 0.814655 0.032143 0.043103
0 0.750000 0.907328 0.021429 0.030172
0 0.969643 0.950431 0.017857 0.021552
0 0.233929 0.372845 0.025000 0.030172
0 0.798214 0.521552 0.025000 0.034483
0 0.637500 0.568966 0.025000 0.034483
0 0.657143 0.325431 0.071429 0.081897
0 0.191071 0.577586 0.025000 0.034483
