0 0.467662 0.062016 0.029851 0.062016
0 0.146766 0.251938 0.044776 0.069767
0 0.559701 0.658915 0.034826 0.062016
0 0.303483 0.868217 0.029851 0.046512
0 0.853234 0.674419 0.024876 0.031008
0 0.905473 0.627907 0.019900 0.031008
0 0.781095 0.856589 0.029851 0.038760
0 0.509950 0.282946 0.024876 0.038760
0 0.514925 0.437984 0.024876 0.038760
0 0.161692 0.085271 0.024876 0.031008
0 0.146766 0.042636 0.024876 0.038760
0 0.661692 0.220930 0.029851 0.038760
0 0.509950 0.961240 0.024876 0.046512
0 0.860697 0.352713 0.019900 0.038760
0 0.360697 0.352713 0.024876 0.038760
0 0.395522 0.445736 0.024876 0.038760
0 0.718905 0.399225 0.024876 0.038760
0 0.325871 0.081395 0.024876 0.054264
0 0.186567 0.577519 0.024876 0.038760
