0 0.089552 0.125000 0.059701 0.101852
0 0.227612 0.182870 0.029851 0.041667
0 0.098881 0.266204 0.033582 0.032407
0 0.050373 0.108796 0.026119 0.041667
0 0.539179 0.189815 0.041045 0.037037
0 0.774254 0.173611 0.033582 0.032407
0 0.347015 0.266204 0.037313 0.041667
0 0.283582 0.328704 0.037313 0.046296
0 0.229478 0.342593 0.026119 0.037037
0 0.307836 0.430556 0.033582 0.037037
0 0.451493 0.442130 0.037313 0.050926
0 0.507463 0.490741 0.029851 0.046296
0 0.736940 0.530093 0.041045 0.041667
0 0.014925 0.546296 0.022388 0.046296
0 0.164179 0.655093 0.044776 0.060185
0 0.210821 0.655093 0.041045 0.060185
0 0.173507 0.726852 0.041045 0.064815
0 0.481343 0.692130 0.037313 0.032407
0 0.412313 0.942130 0.033582 0.050926
0 0.673507 0.877315 0.041045 0.041667
