0 0.530039 0.638462 0.048450 0.061538
0 0.087209 0.803846 0.023256 0.028205
0 0.439922 0.212821 0.015504 0.030769
0 0.612403 0.415385 0.031008 0.041026
0 0.820736 0.407692 0.017442 0.035897
0 0.609496 0.738462 0.029070 0.030769
0 0.356589 0.776923 0.019380 0.020513
0 0.427326 0.661538 0.025194 0.035897
0 0.159884 0.180769 0.021318 0.028205
0 0.034884 0.110256 0.027132 0.035897
0 0.056202 0.305128 0.023256 0.030769
0 0.163760 0.557692 0.017442 0.028205
0 0.155039 0.389744 0.023256 0.030769
0 0.063953 0.562821 0.015504 0.033333
0 0.751938 0.991026 0.019380 0.017949
