0 0.474684 0.193050 0.025316 0.030888
0 0.713608 0.505792 0.022152 0.030888
0 0.443038 0.445946 0.018987 0.027027
0 0.208861 0.750965 0.018987 0.027027
0 0.636076 0.538610 0.018987 0.027027
0 0.598101 0.472973 0.018987 0.027027
0 0.335443 0.444015 0.018987 0.030888
0 0.552215 0.600386 0.022152 0.027027
0 0.525316 0.492278 0.018987 0.027027
0 0.178797 0.559846 0.015823 0.030888
0 0.210443 0.565637 0.015823 0.019305
0 0.401899 0.418919 0.012658 0.019305
0 0.120253 0.720077 0.012658 0.027027
0 0.121835 0.480695 0.015823 0.034749
0 0.275316 0.959459 0.018987 0.042471
0 0.454114 0.880309 0.022152 0.023166
0 0.237342 0.274131 0.025316 0.030888
