0 0.534607 0.218796 0.007231 0.008811
0 0.573347 0.276799 0.008264 0.010279
0 0.547521 0.306167 0.006198 0.010279
0 0.571798 0.343612 0.005165 0.008811
0 0.580579 0.357562 0.006198 0.007342
0 0.622417 0.367107 0.005165 0.008811
0 0.519628 0.377386 0.008264 0.008811
0 0.583678 0.279736 0.004132 0.007342
0 0.588843 0.287812 0.004132 0.008811
0 0.555269 0.441263 0.005165 0.007342
0 0.561467 0.444200 0.005165 0.007342
0 0.646178 0.495595 0.005165 0.007342
0 0.683884 0.519824 0.008264 0.011747
0 0.656508 0.470631 0.007231 0.007342
0 0.493802 0.499266 0.010331 0.014684
0 0.477273 0.510279 0.010331 0.013216
0 0.344525 0.486050 0.011364 0.014684
0 0.408058 0.403084 0.006198 0.010279
0 0.411674 0.584435 0.007231 0.011747
0 0.435950 0.621145 0.010331 0.014684
0 0.496384 0.624816 0.007231 0.010279
0 0.435950 0.648311 0.010331 0.013216
0 0.517045 0.590308 0.017562 0.029369
0 0.316116 0.758443 0.006198 0.010279
0 0.262913 0.676211 0.007231 0.010279
0 0.422004 0.729809 0.007231 0.008811
0 0.415806 0.740088 0.007231 0.008811
0 0.321281 0.789280 0.008264 0.010279
0 0.530475 0.675477 0.009298 0.014684
0 0.574380 0.723201 0.014463 0.022026
0 0.565083 0.753304 0.014463 0.017621
0 0.611570 0.700441 0.008264 0.014684
0 0.629649 0.613069 0.009298 0.016153
0 0.659091 0.662261 0.008264 0.014684
0 0.677169 0.698972 0.007231 0.008811
0 0.706095 0.588840 0.007231 0.011747
0 0.712810 0.642438 0.008264 0.010279
0 0.737603 0.575624 0.010331 0.014684
0 0.698347 0.770925 0.008264 0.011747
0 0.332128 0.834068 0.009298 0.011747
0 0.352273 0.875918 0.012397 0.016153
0 0.391529 0.845815 0.010331 0.014684
0 0.400826 0.828928 0.008264 0.010279
0 0.427169 0.882526 0.013430 0.017621
0 0.451963 0.847283 0.011364 0.014684
0 0.460744 0.811307 0.008264 0.010279
0 0.494835 0.888399 0.008264 0.011747
0 0.507231 0.922907 0.008264 0.010279
0 0.685950 0.820117 0.008264 0.013216
0 0.559401 0.939060 0.013430 0.016153
0 0.484504 0.946402 0.008264 0.010279
0 0.764463 0.370044 0.010331 0.014684
0 0.785640 0.369310 0.007231 0.010279
0 0.830062 0.389868 0.009298 0.013216
0 0.839876 0.395007 0.006198 0.011747
0 0.808884 0.429515 0.010331 0.016153
0 0.764463 0.389868 0.006198 0.013216
0 0.905992 0.039648 0.008264 0.008811
0 0.823864 0.007342 0.007231 0.008811
0 0.924070 0.110866 0.007231 0.010279
0 0.966426 0.093245 0.007231 0.010279
0 0.833161 0.295888 0.007231 0.010279
0 0.816116 0.307636 0.008264 0.010279
0 0.875517 0.238620 0.009298 0.013216
0 0.907025 0.267254 0.006198 0.008811
0 0.745351 0.415565 0.009298 0.014684
0 0.608471 0.995595 0.010331 0.008811
0 0.408058 0.712922 0.008264 0.010279
0 0.361570 0.786344 0.008264 0.007342
0 0.399277 0.872247 0.009298 0.008811
0 0.305269 0.743025 0.009298 0.008811
0 0.558368 0.576358 0.009298 0.010279
0 0.500517 0.944200 0.011364 0.014684
0 0.471591 0.958884 0.009298 0.008811
0 0.522211 0.961087 0.009298 0.013216
0 0.532025 0.957416 0.010331 0.011747
0 0.616219 0.962555 0.007231 0.010279
0 0.485537 0.683554 0.010331 0.013216
