0 0.776471 0.494604 0.041176 0.061151
0 0.733824 0.079137 0.026471 0.043165
0 0.177941 0.260791 0.026471 0.032374
0 0.289706 0.492806 0.020588 0.028777
0 0.777941 0.852518 0.026471 0.035971
0 0.851471 0.046763 0.026471 0.035971
0 0.948529 0.106115 0.020588 0.032374
0 0.307353 0.717626 0.020588 0.032374
0 0.254412 0.739209 0.026471 0.039568
0 0.677941 0.386691 0.020588 0.032374
0 0.676471 0.730216 0.023529 0.028777
0 0.967647 0.580935 0.023529 0.039568
0 0.672059 0.897482 0.026471 0.032374
0 0.138235 0.413669 0.023529 0.028777
