0 0.638376 0.692982 0.066421 0.122807
0 0.642066 0.450292 0.051661 0.093567
0 0.750923 0.315789 0.033210 0.058480
0 0.468635 0.719298 0.029520 0.058480
0 0.404059 0.666667 0.033210 0.046784
0 0.559041 0.298246 0.025830 0.046784
0 0.931734 0.327485 0.025830 0.046784
0 0.789668 0.766082 0.022140 0.058480
0 0.653137 0.839181 0.029520 0.052632
0 0.396679 0.383041 0.033210 0.076023
0 0.156827 0.140351 0.025830 0.058480
0 0.022140 0.415205 0.022140 0.046784
0 0.356089 0.128655 0.025830 0.046784
0 0.695572 0.052632 0.018450 0.046784
0 0.924354 0.248538 0.025830 0.052632
0 0.845018 0.941520 0.022140 0.046784
0 0.488930 0.385965 0.025830 0.058480
0 0.916974 0.888889 0.018450 0.035088
