0 0.893041 0.239216 0.043814 0.062745
0 0.309278 0.141176 0.030928 0.054902
0 0.438144 0.147059 0.030928 0.043137
0 0.444588 0.784314 0.033505 0.047059
0 0.896907 0.076471 0.025773 0.043137
0 0.628866 0.188235 0.030928 0.054902
0 0.123711 0.062745 0.015464 0.031373
0 0.295103 0.739216 0.023196 0.027451
0 0.639175 0.341176 0.025773 0.039216
0 0.454897 0.576471 0.033505 0.054902
0 0.350515 0.503922 0.025773 0.035294
0 0.194588 0.576471 0.038660 0.062745
0 0.492268 0.827451 0.025773 0.047059
0 0.431701 0.417647 0.028351 0.043137
0 0.494845 0.286275 0.030928 0.039216
0 0.590206 0.570588 0.025773 0.035294
