0 0.399485 0.731518 0.020619 0.031128
0 0.436856 0.840467 0.018041 0.031128
0 0.264175 0.832685 0.028351 0.054475
0 0.903351 0.270428 0.012887 0.027237
0 0.856959 0.206226 0.018041 0.023346
0 0.404639 0.632296 0.020619 0.035019
0 0.364691 0.784047 0.023196 0.035019
0 0.520619 0.690661 0.030928 0.058366
0 0.957474 0.289883 0.012887 0.019455
0 0.190722 0.764591 0.025773 0.050584
0 0.376289 0.659533 0.020619 0.019455
0 0.350515 0.838521 0.015464 0.027237
0 0.502577 0.622568 0.010309 0.023346
0 0.251289 0.081712 0.018041 0.031128
0 0.404639 0.019455 0.015464 0.023346
0 0.805412 0.227626 0.012887 0.027237
0 0.885309 0.295720 0.012887 0.023346
0 0.890464 0.184825 0.012887 0.019455
0 0.838918 0.303502 0.012887 0.023346
0 0.918814 0.196498 0.012887 0.019455
0 0.369845 0.690661 0.018041 0.019455
0 0.548969 0.233463 0.015464 0.023346
0 0.564433 0.871595 0.020619 0.023346
