0 0.730410 0.466000 0.027985 0.028000
0 0.779851 0.405000 0.026119 0.018000
0 0.296642 0.368000 0.022388 0.016000
0 0.311567 0.767000 0.029851 0.030000
0 0.360075 0.721000 0.018657 0.022000
0 0.592351 0.798000 0.020522 0.020000
0 0.388060 0.275000 0.018657 0.022000
0 0.513993 0.269000 0.024254 0.026000
0 0.360075 0.290000 0.022388 0.028000
0 0.612873 0.139000 0.020522 0.022000
0 0.843284 0.839000 0.026119 0.022000
0 0.949627 0.843000 0.022388 0.030000
0 0.868470 0.641000 0.020522 0.022000
0 0.829291 0.762000 0.031716 0.036000
0 0.609142 0.622000 0.027985 0.028000
0 0.429104 0.867000 0.022388 0.022000
0 0.510261 0.911000 0.013060 0.018000
0 0.557836 0.617000 0.022388 0.026000
0 0.088619 0.033000 0.027985 0.030000
0 0.519590 0.033000 0.039179 0.046000
0 0.882463 0.230000 0.029851 0.032000
0 0.871269 0.418000 0.037313 0.056000
0 0.258396 0.773000 0.027985 0.030000
0 0.649254 0.714000 0.029851 0.036000
0 0.883396 0.590000 0.027985 0.028000
0 0.729478 0.700000 0.037313 0.036000
0 0.374067 0.420000 0.024254 0.028000
0 0.410448 0.476000 0.033582 0.040000
0 0.319963 0.395000 0.027985 0.026000
0 0.671642 0.402000 0.026119 0.024000
0 0.701493 0.492000 0.018657 0.020000
0 0.871269 0.477000 0.018657 0.018000
0 0.225746 0.203000 0.026119 0.026000
0 0.126866 0.190000 0.033582 0.040000
0 0.247201 0.235000 0.027985 0.030000
0 0.157649 0.629000 0.027985 0.022000
