0 0.507764 0.063636 0.034161 0.054545
0 0.577640 0.079545 0.031056 0.040909
0 0.970497 0.111364 0.034161 0.050000
0 0.066770 0.247727 0.034161 0.031818
0 0.212733 0.302273 0.027950 0.050000
0 0.444099 0.863636 0.037267 0.045455
0 0.411491 0.922727 0.040373 0.045455
0 0.548137 0.831818 0.027950 0.054545
0 0.723602 0.675000 0.031056 0.040909
0 0.720497 0.861364 0.018634 0.031818
0 0.740683 0.881818 0.027950 0.036364
0 0.840062 0.831818 0.040373 0.054545
0 0.860248 0.925000 0.031056 0.040909
0 0.920807 0.929545 0.021739 0.040909
