0 0.387992 0.214179 0.026236 0.023256
0 0.518416 0.752063 0.014632 0.029257
0 0.256307 0.875094 0.025227 0.036759
0 0.225530 0.483871 0.010091 0.028507
0 0.265388 0.762191 0.013118 0.025506
0 0.251514 0.735559 0.010595 0.015754
0 0.547427 0.900600 0.014127 0.021755
0 0.584763 0.333083 0.014127 0.021005
0 0.574168 0.441110 0.013118 0.022506
0 0.738648 0.236309 0.013118 0.022506
0 0.559284 0.154539 0.016650 0.022506
0 0.168517 0.684921 0.012109 0.025506
0 0.403633 0.760690 0.016145 0.049512
0 0.227296 0.671418 0.017659 0.039010
0 0.671544 0.851088 0.014127 0.020255
0 0.773966 0.883346 0.012109 0.023256
0 0.807770 0.911478 0.010091 0.021005
0 0.704844 0.959490 0.009082 0.015004
0 0.433653 0.948237 0.010595 0.022506
0 0.517407 0.676294 0.011604 0.027757
0 0.426085 0.603526 0.012614 0.020255
0 0.411201 0.441110 0.015136 0.022506
0 0.789859 0.350338 0.011604 0.025506
0 0.497982 0.143661 0.017154 0.027757
0 0.256307 0.308327 0.013118 0.025506
0 0.194248 0.602776 0.014127 0.021755
0 0.179112 0.529257 0.012109 0.021755
0 0.096115 0.600150 0.015641 0.019505
0 0.101665 0.692423 0.010595 0.018005
0 0.321645 0.359715 0.016650 0.030758
0 0.347376 0.577269 0.017659 0.029257
0 0.342583 0.159040 0.012109 0.018005
0 0.238648 0.190923 0.013118 0.015754
0 0.468718 0.225431 0.010091 0.026257
0 0.561302 0.222806 0.010595 0.018005
0 0.662210 0.297824 0.010595 0.015004
0 0.616549 0.101275 0.012109 0.016504
0 0.738900 0.713803 0.010595 0.024756
0 0.873865 0.559640 0.011100 0.036009
0 0.861251 0.416729 0.014127 0.024756
0 0.476287 0.307202 0.012109 0.027757
0 0.881433 0.349962 0.011100 0.024756
0 0.875126 0.261065 0.017659 0.022506
0 0.824420 0.235559 0.011100 0.021005
0 0.841574 0.190173 0.016145 0.021755
0 0.704844 0.074269 0.013118 0.021005
0 0.676337 0.222431 0.015641 0.027757
0 0.657921 0.223556 0.011100 0.019505
0 0.178103 0.384846 0.014127 0.022506
0 0.153885 0.268192 0.012109 0.024756
0 0.848638 0.165041 0.013118 0.019505
0 0.315086 0.063016 0.014632 0.015004
0 0.431382 0.032633 0.012109 0.012753
