0 0.618182 0.789394 0.020779 0.033333
0 0.020779 0.927273 0.025974 0.030303
0 0.109091 0.972727 0.025974 0.030303
0 0.418182 0.948485 0.020779 0.030303
0 0.564935 0.348485 0.018182 0.030303
0 0.336364 0.663636 0.028571 0.030303
0 0.068831 0.268182 0.018182 0.021212
0 0.154545 0.287879 0.018182 0.018182
0 0.270130 0.286364 0.015584 0.021212
0 0.135065 0.146970 0.015584 0.015152
0 0.181818 0.192424 0.015584 0.021212
0 0.280519 0.381818 0.020779 0.018182
0 0.192208 0.268182 0.020779 0.021212
0 0.140260 0.534848 0.015584 0.021212
0 0.135065 0.093939 0.020779 0.018182
0 0.094805 0.193939 0.012987 0.012121
0 0.110390 0.213636 0.018182 0.015152
0 0.038961 0.101515 0.020779 0.021212
