0 0.344928 0.318462 0.040580 0.052308
0 0.637681 0.116923 0.034783 0.043077
0 0.562319 0.356923 0.023188 0.024615
0 0.569565 0.493846 0.020290 0.040000
0 0.052174 0.715385 0.028986 0.058462
0 0.220290 0.444615 0.023188 0.033846
0 0.339130 0.084615 0.034783 0.027692
0 0.410145 0.556923 0.020290 0.024615
0 0.291304 0.670769 0.020290 0.030769
0 0.611594 0.795385 0.023188 0.033846
0 0.782609 0.961538 0.028986 0.033846
0 0.900000 0.936923 0.026087 0.033846
0 0.628986 0.707692 0.017391 0.030769
0 0.652174 0.743077 0.023188 0.027692
0 0.991304 0.986154 0.017391 0.027692
0 0.230435 0.292308 0.026087 0.024615
0 0.456522 0.084615 0.020290 0.021538
0 0.353623 0.590769 0.023188 0.030769
0 0.663768 0.263077 0.023188 0.027692
0 0.955072 0.266154 0.026087 0.021538
0 0.752174 0.600000 0.020290 0.036923
0 0.057971 0.578462 0.023188 0.030769
0 0.347826 0.029231 0.023188 0.027692
0 0.781159 0.695385 0.020290 0.030769
