0 0.270313 0.464844 0.021875 0.035156
0 0.557031 0.922363 0.010937 0.016602
0 0.590625 0.922363 0.009375 0.008789
0 0.653125 0.898926 0.009375 0.012695
0 0.986719 0.411133 0.014063 0.013672
0 0.853125 0.634277 0.009375 0.008789
0 0.711328 0.551758 0.008594 0.009766
0 0.955859 0.421387 0.007031 0.008789
0 0.973047 0.392090 0.008594 0.008789
0 0.928906 0.734375 0.012500 0.013672
0 0.915625 0.790527 0.007812 0.010742
0 0.713281 0.854492 0.007812 0.009766
0 0.798438 0.701172 0.007812 0.007812
0 0.151562 0.537598 0.007812 0.010742
0 0.101172 0.516113 0.005469 0.008789
0 0.298047 0.347656 0.008594 0.007812
0 0.172266 0.370117 0.005469 0.007812
0 0.106250 0.452148 0.006250 0.007812
0 0.132031 0.441406 0.006250 0.007812
0 0.190234 0.416504 0.005469 0.006836
0 0.107422 0.931641 0.007031 0.007812
0 0.103516 0.905273 0.005469 0.007812
0 0.064844 0.987793 0.004687 0.020508
0 0.198437 0.753418 0.004687 0.006836
0 0.258203 0.757324 0.005469 0.008789
0 0.273828 0.742188 0.005469 0.007812
0 0.292578 0.783203 0.005469 0.009766
0 0.451562 0.775391 0.007812 0.007812
0 0.384766 0.860840 0.008594 0.010742
0 0.437891 0.849121 0.005469 0.006836
0 0.276172 0.813965 0.005469 0.008789
0 0.582422 0.617188 0.007031 0.009766
0 0.528125 0.560547 0.007812 0.009766
0 0.698828 0.191895 0.007031 0.008789
0 0.455859 0.220215 0.007031 0.010742
0 0.789453 0.361816 0.003906 0.004883
0 0.844531 0.568848 0.006250 0.008789
0 0.897266 0.474121 0.005469 0.008789
0 0.571875 0.850586 0.007812 0.009766
0 0.403125 0.891113 0.006250 0.008789
0 0.194531 0.558105 0.006250 0.008789
0 0.408203 0.813477 0.007031 0.009766
