0 0.648968 0.544715 0.017699 0.032520
0 0.908555 0.526423 0.023599 0.044715
0 0.948378 0.611789 0.020649 0.052846
0 0.908555 0.447154 0.017699 0.032520
0 0.921829 0.325203 0.014749 0.024390
0 0.646018 0.371951 0.023599 0.036585
0 0.890855 0.063008 0.023599 0.036585
0 0.688791 0.695122 0.020649 0.032520
0 0.930678 0.835366 0.026549 0.036585
0 0.747788 0.953252 0.026549 0.044715
0 0.871681 0.961382 0.020649 0.028455
0 0.019174 0.845528 0.032448 0.048780
0 0.154867 0.605691 0.026549 0.032520
0 0.377581 0.258130 0.017699 0.028455
0 0.392330 0.128049 0.023599 0.028455
0 0.662242 0.058943 0.026549 0.036585
0 0.772861 0.243902 0.029499 0.032520
0 0.706490 0.556911 0.020649 0.032520
0 0.438053 0.445122 0.020649 0.028455
0 0.594395 0.207317 0.020649 0.024390
0 0.030973 0.439024 0.020649 0.032520
0 0.010324 0.394309 0.014749 0.032520
