0 0.429060 0.335106 0.051282 0.039007
0 0.084615 0.783688 0.029060 0.056738
0 0.798291 0.731383 0.023932 0.033688
0 0.826496 0.551418 0.018803 0.039007
0 0.815385 0.245567 0.023932 0.030142
0 0.123077 0.302305 0.020513 0.023050
0 0.337607 0.246454 0.018803 0.024823
0 0.677778 0.221631 0.022222 0.031915
0 0.602564 0.351950 0.025641 0.026596
0 0.956410 0.165780 0.022222 0.026596
0 0.800000 0.358156 0.020513 0.021277
0 0.163248 0.494681 0.018803 0.024823
0 0.280342 0.088652 0.023932 0.024823
0 0.553846 0.042553 0.023932 0.017730
0 0.467521 0.720745 0.022222 0.026596
0 0.273504 0.575355 0.020513 0.026596
0 0.612821 0.499113 0.029060 0.033688
0 0.327350 0.964539 0.022222 0.031915
0 0.463248 0.291667 0.023932 0.051418
