0 0.854740 0.850084 0.039755 0.038526
0 0.715596 0.184255 0.030581 0.046901
0 0.204893 0.388610 0.042813 0.060302
0 0.227829 0.211055 0.027523 0.026801
0 0.050459 0.101340 0.027523 0.041876
0 0.171254 0.054439 0.033639 0.065327
0 0.489297 0.204355 0.030581 0.056951
0 0.788226 0.603015 0.022936 0.026801
0 0.781346 0.429648 0.018349 0.025126
0 0.922018 0.900335 0.021407 0.025126
0 0.269113 0.753769 0.024465 0.030151
0 0.538991 0.508375 0.019878 0.025126
0 0.201835 0.165829 0.024465 0.023451
0 0.074924 0.056951 0.018349 0.026801
0 0.659786 0.176717 0.019878 0.028476
0 0.597095 0.607203 0.016820 0.015075
0 0.443425 0.788945 0.021407 0.023451
0 0.165138 0.299832 0.027523 0.036851
0 0.733945 0.716918 0.024465 0.023451
0 0.662844 0.819933 0.022936 0.025126
0 0.639144 0.426298 0.021407 0.021776
0 0.607798 0.459799 0.016820 0.021776
