0 0.731557 0.779599 0.053279 0.091075
0 0.855874 0.578324 0.017760 0.020036
0 0.800546 0.943534 0.016393 0.029144
0 0.636612 0.395264 0.016393 0.018215
0 0.760929 0.833333 0.013661 0.016393
0 0.774590 0.982696 0.010929 0.023679
0 0.280738 0.486339 0.015027 0.018215
0 0.128415 0.496357 0.013661 0.016393
0 0.227459 0.455373 0.015027 0.018215
0 0.078552 0.641166 0.012295 0.018215
0 0.232923 0.728597 0.015027 0.021858
0 0.428962 0.642987 0.019126 0.021858
0 0.585383 0.410747 0.009563 0.016393
0 0.427596 0.917122 0.013661 0.023679
0 0.722678 0.305100 0.013661 0.016393
