0 0.075221 0.068063 0.026549 0.027923
0 0.390118 0.229494 0.022124 0.026178
0 0.061947 0.178883 0.020649 0.019197
0 0.084808 0.369110 0.016224 0.033159
0 0.058260 0.545375 0.016224 0.026178
0 0.237463 0.321990 0.017699 0.026178
0 0.629794 0.166667 0.020649 0.029668
0 0.691003 0.281850 0.019174 0.022688
0 0.689528 0.423211 0.016224 0.036649
0 0.634218 0.551483 0.020649 0.027923
0 0.462389 0.426702 0.019174 0.026178
0 0.692478 0.838569 0.022124 0.026178
0 0.699853 0.809773 0.025074 0.020942
0 0.672566 0.128272 0.020649 0.033159
0 0.811209 0.350785 0.017699 0.024433
0 0.279499 0.192845 0.019174 0.029668
0 0.242625 0.201571 0.016224 0.026178
