0 0.112211 0.598182 0.039604 0.043636
0 0.033003 0.966364 0.029703 0.020000
0 0.485974 0.834545 0.047855 0.032727
0 0.033003 0.143636 0.023102 0.029091
0 0.038779 0.333636 0.028053 0.034545
0 0.181518 0.655455 0.019802 0.027273
0 0.702970 0.561818 0.016502 0.025455
0 0.627888 0.227273 0.024752 0.021818
0 0.382838 0.278182 0.016502 0.021818
0 0.613036 0.620000 0.021452 0.021818
0 0.777228 0.071818 0.019802 0.030909
0 0.530528 0.166364 0.018152 0.023636
0 0.693069 0.228182 0.016502 0.023636
0 0.462046 0.550000 0.023102 0.038182
0 0.285479 0.072727 0.036304 0.040000
