0 0.583333 0.849866 0.020000 0.026810
0 0.051111 0.640751 0.022222 0.026810
0 0.370000 0.701072 0.024444 0.029491
0 0.540000 0.436997 0.017778 0.021448
0 0.510000 0.387399 0.020000 0.024129
0 0.116667 0.235925 0.020000 0.021448
0 0.634444 0.256032 0.020000 0.029491
0 0.656667 0.325737 0.015556 0.018767
0 0.324444 0.379357 0.017778 0.024129
0 0.640000 0.351206 0.013333 0.021448
0 0.287778 0.550938 0.015556 0.024129
0 0.790000 0.922252 0.015556 0.021448
0 0.623333 0.028150 0.020000 0.018767
0 0.335556 0.067024 0.013333 0.016086
0 0.616667 0.589812 0.024444 0.021448
0 0.592222 0.747989 0.011111 0.016086
0 0.503333 0.743968 0.015556 0.018767
0 0.037778 0.315013 0.017778 0.018767
0 0.421111 0.227882 0.011111 0.016086
0 0.805556 0.426273 0.015556 0.016086
