0 0.522511 0.850309 0.014719 0.030864
0 0.776190 0.685185 0.011255 0.018519
0 0.743290 0.790123 0.007792 0.015432
0 0.728139 0.643519 0.010390 0.015432
0 0.749351 0.606481 0.009524 0.015432
0 0.788312 0.507716 0.009524 0.012346
0 0.410390 0.760031 0.006926 0.013889
0 0.300866 0.730710 0.006061 0.010802
0 0.265801 0.846451 0.006926 0.010802
0 0.309524 0.234568 0.009524 0.015432
0 0.269264 0.314043 0.005195 0.010802
0 0.231602 0.327160 0.006061 0.012346
0 0.170563 0.409722 0.006926 0.010802
0 0.218615 0.408179 0.006061 0.007716
0 0.155844 0.528549 0.005195 0.013889
0 0.222078 0.304784 0.007792 0.010802
0 0.226407 0.382716 0.004329 0.009259
0 0.206061 0.357253 0.005195 0.007716
0 0.156710 0.439815 0.005195 0.009259
0 0.145887 0.381173 0.004329 0.009259
0 0.178355 0.530864 0.005195 0.009259
0 0.220346 0.679784 0.007792 0.013889
0 0.218182 0.719907 0.005195 0.010802
0 0.234199 0.698302 0.004329 0.010802
0 0.258009 0.817901 0.005195 0.012346
0 0.158874 0.635031 0.004329 0.007716
0 0.390476 0.882716 0.006926 0.009259
0 0.356710 0.956790 0.005195 0.012346
0 0.457143 0.962191 0.005195 0.010802
0 0.246753 0.381173 0.003463 0.006173
0 0.121645 0.440586 0.004329 0.007716
0 0.117316 0.398148 0.004329 0.006173
0 0.248918 0.710648 0.004329 0.010802
0 0.247619 0.729938 0.003463 0.009259
0 0.416883 0.723765 0.006061 0.009259
0 0.556277 0.597222 0.004329 0.012346
0 0.559740 0.614198 0.002597 0.009259
0 0.799134 0.686728 0.005195 0.009259
0 0.675325 0.873457 0.006926 0.012346
0 0.577922 0.888889 0.007792 0.012346
0 0.619481 0.913580 0.007792 0.012346
0 0.657576 0.798611 0.006061 0.007716
0 0.713420 0.345679 0.005195 0.009259
0 0.787446 0.365741 0.006061 0.009259
0 0.775325 0.363426 0.004329 0.007716
0 0.728139 0.706019 0.006926 0.010802
0 0.740260 0.688272 0.003463 0.006173
0 0.742424 0.812500 0.004329 0.007716
0 0.411255 0.206790 0.006926 0.009259
0 0.504329 0.986883 0.007792 0.013889
0 0.401299 0.752315 0.006061 0.010802
0 0.500866 0.746142 0.004329 0.010802
0 0.646320 0.876543 0.006061 0.009259
0 0.160606 0.408951 0.004329 0.009259
