0 0.269167 0.192453 0.006667 0.045283
0 0.330417 0.433962 0.009167 0.030189
0 0.280000 0.215094 0.006667 0.052830
0 0.295417 0.798113 0.007500 0.049057
0 0.335417 0.901887 0.007500 0.045283
0 0.160000 0.200000 0.005000 0.030189
0 0.142083 0.409434 0.004167 0.026415
0 0.152500 0.143396 0.005000 0.030189
0 0.497500 0.296226 0.020000 0.094340
0 0.469167 0.307547 0.010000 0.041509
0 0.558333 0.079245 0.010000 0.052830
0 0.536667 0.547170 0.011667 0.052830
0 0.486667 0.624528 0.011667 0.049057
0 0.510833 0.760377 0.011667 0.064151
0 0.634583 0.586792 0.005833 0.026415
0 0.603333 0.981132 0.010000 0.037736
0 0.756667 0.607547 0.008333 0.037736
0 0.836250 0.269811 0.009167 0.056604
0 0.857917 0.409434 0.007500 0.049057
0 0.847083 0.613208 0.005833 0.041509
0 0.743333 0.777358 0.005000 0.030189
