0 0.361041 0.187540 0.013113 0.015974
0 0.773266 0.303834 0.019459 0.032588
0 0.113790 0.326837 0.012690 0.019808
0 0.498308 0.841214 0.016074 0.026198
0 0.657783 0.953674 0.018613 0.027476
0 0.501904 0.930671 0.013113 0.018530
0 0.508672 0.509585 0.013113 0.018530
0 0.567047 0.567093 0.013113 0.021086
0 0.846024 0.611182 0.010998 0.031310
0 0.355118 0.597125 0.012267 0.019808
0 0.583333 0.642173 0.010998 0.021725
0 0.614848 0.637380 0.010575 0.014696
0 0.504865 0.734185 0.013959 0.017891
0 0.285745 0.815974 0.013959 0.017891
0 0.300338 0.855272 0.012690 0.014696
0 0.439721 0.869968 0.009729 0.014696
0 0.152707 0.507987 0.010998 0.011502
0 0.210871 0.106709 0.016497 0.017891
0 0.083545 0.121086 0.013113 0.014696
0 0.152707 0.546326 0.010998 0.016613
0 0.602580 0.777316 0.009729 0.013419
0 0.600677 0.923323 0.010998 0.016613
0 0.221658 0.670927 0.011844 0.012780
0 0.252538 0.771565 0.010998 0.014696
0 0.018401 0.751118 0.008883 0.015974
0 0.385998 0.951118 0.010575 0.013419
0 0.410956 0.426837 0.008883 0.016613
0 0.171320 0.636741 0.010998 0.019808
