0 0.130248 0.263889 0.012917 0.041667
0 0.181378 0.354167 0.013994 0.048611
0 0.201292 0.479167 0.008611 0.041667
0 0.297632 0.666667 0.013994 0.041667
0 0.374596 0.380208 0.015070 0.045139
0 0.283638 0.017361 0.013994 0.027778
0 0.478471 0.053819 0.007535 0.031250
0 0.381593 0.663194 0.007535 0.027778
0 0.398278 0.343750 0.008611 0.027778
0 0.213671 0.927083 0.007535 0.027778
0 0.156082 0.100694 0.008611 0.020833
0 0.475242 0.376736 0.007535 0.024306
0 0.499462 0.500000 0.008611 0.027778
0 0.510764 0.677083 0.007535 0.034722
0 0.632939 0.885417 0.008611 0.034722
0 0.634015 0.675347 0.012917 0.038194
0 0.702906 0.411458 0.012917 0.045139
0 0.769645 0.052083 0.012917 0.034722
0 0.576426 0.161458 0.009688 0.031250
0 0.537137 0.173611 0.008611 0.027778
0 0.587191 0.086806 0.007535 0.020833
0 0.655544 0.137153 0.006459 0.024306
0 0.907966 0.819444 0.011841 0.048611
0 0.832078 0.289931 0.006459 0.017361
