0 0.498387 0.180657 0.022581 0.025547
0 0.519355 0.704380 0.019355 0.021898
0 0.391935 0.808394 0.016129 0.018248
0 0.600000 0.894161 0.019355 0.014599
0 0.643548 0.518248 0.016129 0.014599
0 0.398387 0.470803 0.016129 0.014599
0 0.351613 0.505474 0.019355 0.018248
0 0.325806 0.547445 0.012903 0.014599
0 0.343548 0.549270 0.009677 0.010949
0 0.269355 0.231752 0.016129 0.018248
0 0.590323 0.138686 0.012903 0.014599
0 0.651613 0.594891 0.012903 0.014599
0 0.485484 0.094891 0.016129 0.014599
0 0.572581 0.273723 0.016129 0.014599
0 0.441935 0.140511 0.012903 0.010949
0 0.530645 0.523723 0.009677 0.010949
0 0.295161 0.160584 0.016129 0.014599
0 0.214516 0.222628 0.016129 0.021898
0 0.679032 0.386861 0.016129 0.014599
0 0.320968 0.731752 0.016129 0.010949
0 0.445161 0.056569 0.012903 0.010949
