0 0.449167 0.126994 0.016667 0.028221
0 0.311667 0.320245 0.028333 0.046626
0 0.199583 0.800613 0.029167 0.047853
0 0.651250 0.781595 0.024167 0.031902
0 0.888750 0.922086 0.014167 0.042945
0 0.823333 0.865644 0.016667 0.035583
0 0.907500 0.223313 0.023333 0.034356
0 0.867083 0.400613 0.014167 0.025767
0 0.947917 0.299387 0.019167 0.031902
0 0.975833 0.625767 0.015000 0.034356
0 0.260417 0.603067 0.012500 0.025767
0 0.172083 0.322699 0.015833 0.026994
0 0.154583 0.370552 0.017500 0.026994
0 0.110833 0.369939 0.018333 0.025767
0 0.740000 0.279141 0.015000 0.025767
0 0.092083 0.306135 0.014167 0.015951
0 0.142083 0.542331 0.015833 0.019632
0 0.297083 0.722086 0.014167 0.018405
0 0.596667 0.208589 0.011667 0.017178
0 0.547083 0.992638 0.017500 0.014724
