0 0.305682 0.053191 0.034091 0.030395
0 0.596591 0.327508 0.029545 0.028875
0 0.575000 0.544833 0.022727 0.022796
0 0.318182 0.579787 0.022727 0.019757
0 0.410227 0.747720 0.025000 0.015198
0 0.663636 0.522036 0.018182 0.016717
0 0.889773 0.488602 0.020455 0.013678
0 0.502273 0.945289 0.022727 0.021277
0 0.835227 0.826748 0.025000 0.018237
0 0.734091 0.870061 0.022727 0.013678
0 0.540909 0.399696 0.018182 0.015198
0 0.121591 0.305471 0.020455 0.018237
0 0.976136 0.218845 0.020455 0.018237
0 0.979545 0.364742 0.022727 0.021277
0 0.792045 0.947568 0.025000 0.019757
0 0.687500 0.899696 0.020455 0.012158
0 0.614773 0.204407 0.020455 0.019757
0 0.277273 0.757599 0.027273 0.016717
0 0.829545 0.006079 0.022727 0.009119
0 0.025000 0.052432 0.022727 0.013678
0 0.255682 0.210486 0.015909 0.010638
0 0.244318 0.332827 0.015909 0.015198
0 0.555682 0.379939 0.015909 0.015198
0 0.347727 0.409574 0.018182 0.013678
0 0.336364 0.155775 0.013636 0.013678
0 0.305682 0.318389 0.020455 0.013678
0 0.787500 0.451368 0.020455 0.012158
0 0.705682 0.278116 0.015909 0.015198
0 0.392045 0.706687 0.015909 0.012158
0 0.688636 0.626140 0.013636 0.015198
0 0.902273 0.605623 0.013636 0.010638
0 0.234091 0.849544 0.018182 0.012158
0 0.772727 0.774316 0.013636 0.010638
0 0.013636 0.960486 0.018182 0.012158
0 0.557955 0.850304 0.015909 0.010638
0 0.393182 0.447568 0.013636 0.010638
0 0.192045 0.503799 0.015909 0.013678
0 0.309091 0.555471 0.013636 0.010638
0 0.261364 0.548632 0.013636 0.009119
0 0.963636 0.739362 0.013636 0.010638
0 0.944318 0.792553 0.011364 0.010638
0 0.712500 0.314590 0.015909 0.012158
0 0.809091 0.253799 0.018182 0.021277
0 0.648864 0.231003 0.015909 0.012158
0 0.067045 0.040274 0.020455 0.013678
0 0.146591 0.041033 0.020455 0.015198
0 0.072727 0.024316 0.018182 0.009119
0 0.801136 0.023556 0.020455 0.013678
0 0.785227 0.012918 0.015909 0.010638
0 0.788636 0.075228 0.013636 0.013678
0 0.937500 0.095745 0.015909 0.012158
0 0.020455 0.085866 0.018182 0.010638
0 0.582955 0.241641 0.011364 0.012158
0 0.788636 0.166413 0.013636 0.013678
0 0.918182 0.323708 0.013636 0.009119
0 0.967045 0.040274 0.011364 0.010638
0 0.560227 0.120061 0.011364 0.012158
0 0.073864 0.139058 0.020455 0.013678
0 0.480682 0.598784 0.015909 0.012158
0 0.651136 0.076748 0.011364 0.013678
0 0.576136 0.070669 0.015909 0.013678
0 0.706818 0.011398 0.013636 0.007599
