0 0.346269 0.713687 0.047761 0.047486
0 0.571642 0.863128 0.032836 0.039106
0 0.492537 0.268156 0.035821 0.033520
0 0.046269 0.924581 0.020896 0.027933
0 0.050746 0.477654 0.029851 0.033520
0 0.198507 0.406425 0.026866 0.025140
0 0.291045 0.163408 0.020896 0.019553
0 0.479104 0.772346 0.026866 0.025140
0 0.265672 0.121508 0.023881 0.019553
0 0.401493 0.745810 0.020896 0.016760
0 0.192537 0.819832 0.020896 0.025140
0 0.779104 0.638268 0.017910 0.019553
0 0.840299 0.638268 0.020896 0.025140
0 0.344776 0.208101 0.020896 0.013966
0 0.852239 0.723464 0.020896 0.027933
