0 0.659153 0.640255 0.045082 0.063752
0 0.396175 0.795082 0.019126 0.023679
0 0.173497 0.637523 0.019126 0.021858
0 0.227459 0.769581 0.015027 0.020036
0 0.196038 0.986339 0.017760 0.023679
0 0.724727 0.759563 0.015027 0.029144
0 0.704235 0.786885 0.015027 0.021858
0 0.596311 0.432605 0.017760 0.020036
0 0.666667 0.183060 0.021858 0.030965
0 0.820355 0.244991 0.012295 0.016393
0 0.265710 0.591985 0.015027 0.018215
0 0.151639 0.561020 0.010929 0.014572
0 0.155738 0.448998 0.013661 0.020036
0 0.519126 0.833333 0.016393 0.027322
0 0.773907 0.552823 0.025956 0.020036
0 0.413251 0.540073 0.015027 0.016393
0 0.474044 0.530055 0.016393 0.018215
0 0.958333 0.724954 0.012295 0.010929
0 0.551913 0.429872 0.013661 0.018215
0 0.964481 0.425319 0.016393 0.016393
0 0.243169 0.872495 0.016393 0.025501
0 0.644809 0.882514 0.016393 0.016393
0 0.935109 0.646630 0.009563 0.021858
0 0.616120 0.930783 0.010929 0.014572
0 0.692623 0.394353 0.010929 0.016393
0 0.709699 0.479964 0.015027 0.020036
0 0.508197 0.517304 0.013661 0.018215
0 0.571721 0.602914 0.009563 0.014572
0 0.685109 0.684882 0.017760 0.021858
