0 0.502591 0.719608 0.025907 0.050980
0 0.457254 0.262745 0.012953 0.023529
0 0.528497 0.803922 0.015544 0.031373
0 0.312176 0.825490 0.012953 0.019608
0 0.207254 0.762745 0.015544 0.019608
0 0.239637 0.517647 0.012953 0.015686
0 0.387306 0.864706 0.018135 0.027451
0 0.205959 0.652941 0.012953 0.019608
0 0.466321 0.515686 0.020725 0.027451
0 0.123057 0.849020 0.012953 0.019608
0 0.413212 0.186275 0.018135 0.027451
0 0.572539 0.276471 0.015544 0.019608
0 0.316062 0.539216 0.015544 0.019608
0 0.287565 0.513725 0.015544 0.015686
0 0.376943 0.633333 0.012953 0.019608
0 0.343264 0.776471 0.012953 0.023529
